0
0
0
15
1
1
1
1
1
1
1
16
12
12
12
12
12
12
8
0
0
0
0
15
1
1
1
1
1
1
1
1
1
1
1
1
1
1
13
0
0
0
0
10
14
14
14
14
14
14
14
14
14
14
14
14
14
14
9
0
0
0
0
0
0
0
0
0
0
0
0
0
0
0
0
0
0
0
0
0
0
0
0
0
0
0
0
0
0
0
0
0
0
0
0
0
0
0
0
0
0
0
0
0
0
0
0
0
0
0
0
0
0
0
0
0
0
0
0
0
0
0
0
0
0
0
0
0
0
0
0
0
0
0
0
0
0
0
0
0
0
0
0
0
0
0
0
0
0
0
7
2
2
2
2
2
2
2
2
2
12
12
12
12
12
12
12
8
0
0
3
0
0
0
0
0
0
0
0
0
14
14
14
18
1
1
1
13
0
0
3
0
0
11
12
8
0
0
0
0
0
0
0
10
14
14
14
9
0
0
3
0
0
15
1
16
12
12
12
12
0
0
0
0
0
0
0
0
0
0
3
0
0
15
1
1
1
1
1
1
0
0
0
0
0
0
0
0
0
0
3
0
0
10
14
14
14
14
14
14
0
0
0
0
0
0
0
0
0
0
3
0
0
0
0
0
0
0
0
0
2
2
2
2
2
2
2
2
2
2
5
0
0
11
12
12
8
0
0
0
0
0
0
0
0
0
0
0
11
12
8
0
0
15
17
18
13
0
0
0
0
0
0
11
8
0
0
0
15
0
13
0
0
15
16
19
13
0
0
0
0
0
0
10
9
0
0
0
10
14
9
0
0
10
14
14
9
0
0
0
0
0
0
0
0
0
0
0
0
0
0
0
0
0
0
0
0
0
0
0
8
0
0
0
0
0
0
0
0
0
0
0
0
0
0
0
0
0
0
0
0
14
19
7
